5.761881470680236816e-01
4.902172088623046875e-01
4.683533310890197754e-01
4.569778144359588623e-01
4.377571940422058105e-01
4.122760295867919922e-01
3.849063813686370850e-01
3.593598604202270508e-01
3.370160460472106934e-01
3.181491494178771973e-01
3.019317984580993652e-01
2.879681289196014404e-01
2.756088078022003174e-01
2.646146714687347412e-01
2.551071643829345703e-01
2.470920383930206299e-01
2.411931753158569336e-01
2.377507239580154419e-01
2.365316748619079590e-01
2.367335557937622070e-01
2.392134517431259155e-01
2.441795021295547485e-01
2.511607408523559570e-01
2.589708864688873291e-01
2.671487927436828613e-01
2.755425572395324707e-01
2.840268015861511230e-01
2.930050492286682129e-01
3.020039200782775879e-01
3.109255433082580566e-01
3.192674815654754639e-01
3.272138535976409912e-01
3.348624110221862793e-01
3.418220877647399902e-01
3.482786715030670166e-01
3.542969524860382080e-01
3.598310053348541260e-01
3.645787835121154785e-01
3.688398599624633789e-01
3.727560639381408691e-01
3.762555420398712158e-01
3.792694211006164551e-01
3.818880915641784668e-01
3.840269446372985840e-01
3.858333528041839600e-01
3.876467347145080566e-01
3.893263936042785645e-01
3.905314207077026367e-01
3.914442658424377441e-01
3.919584453105926514e-01
3.923534750938415527e-01
3.925457894802093506e-01
3.927047848701477051e-01
3.924921751022338867e-01
3.920009434223175049e-01
3.914098143577575684e-01
3.906908035278320312e-01
3.899911642074584961e-01
3.893575370311737061e-01
3.888199627399444580e-01
3.883383870124816895e-01
3.879181742668151855e-01
3.873803317546844482e-01
3.868876099586486816e-01
3.866743743419647217e-01
3.865618109703063965e-01
3.865994513034820557e-01
3.867839574813842773e-01
3.873861730098724365e-01
3.879778981208801270e-01
3.886350393295288086e-01
3.894956707954406738e-01
3.903200030326843262e-01
3.912529945373535156e-01
3.919225633144378662e-01
3.925186991691589355e-01
3.928657174110412598e-01
3.934775888919830322e-01
3.942120671272277832e-01
3.948806822299957275e-01
3.956084847450256348e-01
3.961704671382904053e-01
3.963981270790100098e-01
3.965390622615814209e-01
3.968375027179718018e-01
3.971884846687316895e-01
3.975936770439147949e-01
3.976306915283203125e-01
3.978687524795532227e-01
3.977576792240142822e-01
3.977248072624206543e-01
3.977709114551544189e-01
3.974791765213012695e-01
3.970964848995208740e-01
3.967890739440917969e-01
3.970186114311218262e-01
3.975759148597717285e-01
3.976016640663146973e-01
3.975649476051330566e-01
3.975550532341003418e-01
