5.044291615486145020e-01
4.304562211036682129e-01
3.896054029464721680e-01
3.799632191658020020e-01
3.833163976669311523e-01
3.798349201679229736e-01
3.636794984340667725e-01
3.417239487171173096e-01
3.189299702644348145e-01
2.982337176799774170e-01
2.812896370887756348e-01
2.686364352703094482e-01
2.608757913112640381e-01
2.591577172279357910e-01
2.661575675010681152e-01
2.803543508052825928e-01
2.949246168136596680e-01
3.018587827682495117e-01
3.007095158100128174e-01
2.954601645469665527e-01
2.893938422203063965e-01
2.840112447738647461e-01
2.812656164169311523e-01
2.830431759357452393e-01
2.899509966373443604e-01
3.010789155960083008e-01
3.133969306945800781e-01
3.245272934436798096e-01
3.363708257675170898e-01
3.482602834701538086e-01
3.625444173812866211e-01
3.779320418834686279e-01
3.935475647449493408e-01
4.097898006439208984e-01
4.247564673423767090e-01
4.392103552818298340e-01
4.530794322490692139e-01
4.659623205661773682e-01
4.783457517623901367e-01
4.917972087860107422e-01
5.060074329376220703e-01
5.189840197563171387e-01
5.309165716171264648e-01
5.427948832511901855e-01
5.549481511116027832e-01
5.672332048416137695e-01
5.791564583778381348e-01
5.907831788063049316e-01
6.029195189476013184e-01
6.147546768188476562e-01
6.262484788894653320e-01
6.369916200637817383e-01
6.490880250930786133e-01
6.610064506530761719e-01
6.730991601943969727e-01
6.847755908966064453e-01
6.962392330169677734e-01
7.078605890274047852e-01
7.191128730773925781e-01
7.304145693778991699e-01
7.414287328720092773e-01
7.524027824401855469e-01
7.628105878829956055e-01
7.726275920867919922e-01
7.822849750518798828e-01
7.924743890762329102e-01
8.014342784881591797e-01
8.099917769432067871e-01
8.181521892547607422e-01
8.253321647644042969e-01
8.327730894088745117e-01
8.397860527038574219e-01
8.461917638778686523e-01
8.518679141998291016e-01
8.570580482482910156e-01
8.622665405273437500e-01
8.672752976417541504e-01
8.725783824920654297e-01
8.780702352523803711e-01
8.832912445068359375e-01
8.879466056823730469e-01
8.923192024230957031e-01
8.973752260208129883e-01
9.020056724548339844e-01
9.071615338325500488e-01
9.127769470214843750e-01
9.180414676666259766e-01
9.228290915489196777e-01
9.283049106597900391e-01
9.337811470031738281e-01
9.396932125091552734e-01
9.454415440559387207e-01
9.502958059310913086e-01
9.555243253707885742e-01
9.609570503234863281e-01
9.663208723068237305e-01
9.714834690093994141e-01
9.767329692840576172e-01
9.816746711730957031e-01
9.865777492523193359e-01
